<?xml version="1.0" encoding="UTF-8" standalone="no" ?>
<COLLADA xmlns="http://www.collada.org/2005/11/COLLADASchema" version="1.4.1">
    <asset>
        <contributor>
            <authoring_tool>SketchUp 14.0.4900</authoring_tool>
        </contributor>
        <created>2014-05-22T23:50:45Z</created>
        <modified>2014-05-22T23:50:45Z</modified>
        <unit meter="0.0254" name="inch" />
        <up_axis>Z_UP</up_axis>
    </asset>
    <library_visual_scenes>
        <visual_scene id="ID1">
            <node name="SketchUp">
                <instance_geometry url="#ID1866">
                    <bind_material>
                        <technique_common>
                            <instance_material symbol="Material2" target="#ID374">
                                <bind_vertex_input semantic="UVSET0" input_semantic="TEXCOORD" input_set="0" />
                            </instance_material>
                        </technique_common>
                    </bind_material>
                </instance_geometry>
                <instance_geometry url="#ID1872">
                    <bind_material>
                        <technique_common>
                            <instance_material symbol="Material2" target="#ID374">
                                <bind_vertex_input semantic="UVSET0" input_semantic="TEXCOORD" input_set="0" />
                            </instance_material>
                        </technique_common>
                    </bind_material>
                </instance_geometry>
                <instance_geometry url="#ID1878">
                    <bind_material>
                        <technique_common>
                            <instance_material symbol="Material2" target="#ID311">
                                <bind_vertex_input semantic="UVSET0" input_semantic="TEXCOORD" input_set="0" />
                            </instance_material>
                        </technique_common>
                    </bind_material>
                </instance_geometry>
                <instance_geometry url="#ID1882">
                    <bind_material>
                        <technique_common>
                            <instance_material symbol="Material2" target="#ID311">
                                <bind_vertex_input semantic="UVSET0" input_semantic="TEXCOORD" input_set="0" />
                            </instance_material>
                        </technique_common>
                    </bind_material>
                </instance_geometry>
                <node id="ID2" name="group_0">
                    <matrix>1 0 0 -0.06390541 0 1 0 -0.583252 0 0 1 1.248725 0 0 0 1</matrix>
                    <node id="ID3" name="group_1">
                        <matrix>0.99887 3.873127e-005 -0.04752543 16.53178 3.977933e-005 -1 2.110686e-005 8.61775 0.04752543 2.297354e-005 0.99887 21.06975 0 0 0 1</matrix>
                        <node id="ID4" name="instance_0">
                            <matrix>1 0 0 0 0 1 0 0 0 0 1 0 0 0 0 1</matrix>
                            <instance_node url="#ID5" />
                        </node>
                    </node>
                    <node id="ID40" name="instance_1">
                        <matrix>1 0 0 14.08305 0 1 0 2.131763 0 0 1 14.03372 0 0 0 1</matrix>
                        <instance_node url="#ID41" />
                    </node>
                    <node id="ID90" name="instance_4">
                        <matrix>1 0 0 0.8389096 0 1 0 2.161729 0 0 1 15.25364 0 0 0 1</matrix>
                        <instance_node url="#ID91" />
                    </node>
                    <node id="ID154" name="instance_7">
                        <matrix>1 0 0 17.59704 0 1 0 2.603318 0 0 1 26.04225 0 0 0 1</matrix>
                        <instance_node url="#ID155" />
                    </node>
                    <node id="ID206" name="instance_11">
                        <matrix>1 0 0 16.82406 0 1 0 2.56365 0 0 1 22.38457 0 0 0 1</matrix>
                        <instance_node url="#ID207" />
                    </node>
                    <node id="ID276" name="instance_15">
                        <matrix>1 0 0 0.00154952 0 -1 0 4.242952 -0 0 1 14.5079 0 0 0 1</matrix>
                        <instance_node url="#ID277" />
                    </node>
                    <node id="ID326" name="instance_16">
                        <matrix>1 0 0 0.05731347 0 -1 0 8.617952 -0 0 1 15.11319 0 0 0 1</matrix>
                        <instance_node url="#ID327" />
                    </node>
                    <node id="ID353" name="instance_17">
                        <matrix>1 0 0 0.05731347 0 1 0 8.646461 0 0 1 15.11319 0 0 0 1</matrix>
                        <instance_node url="#ID354" />
                    </node>
                    <node id="ID382" name="instance_18">
                        <matrix>0.9983523 -0.03235812 -0.04738742 15.24235 0.03198537 0.9994513 -0.008603449 12.58643 0.04763981 0.007073569 0.9988395 21.10725 0 0 0 1</matrix>
                        <instance_node url="#ID383" />
                    </node>
                    <node id="ID426" name="instance_19">
                        <matrix>1 0 0 0.00154952 0 1 0 13.02146 0 0 1 14.5079 0 0 0 1</matrix>
                        <instance_node url="#ID427" />
                    </node>
                    <node id="ID472" name="instance_20">
                        <matrix>0.9998021 0.00270929 0.01971025 1.443092 -0.001674882 0.9986295 -0.05230915 16.64037 -0.01982496 0.05226578 0.9984364 0.5894699 0 0 0 1</matrix>
                        <instance_node url="#ID473" />
                    </node>
                    <node id="ID484" name="instance_21">
                        <matrix>0.9999963 0.00270929 -7.085014e-005 0.2210043 -0.00270929 0.9986295 -0.05226578 16.52415 -7.085014e-005 0.05226578 0.9986332 2.993147 0 0 0 1</matrix>
                        <instance_node url="#ID485" />
                    </node>
                    <node id="ID496" name="instance_22">
                        <matrix>0.9999963 0.00270929 -7.085014e-005 1.627694 -0.00270929 0.9986295 -0.05226578 15.91211 -7.085014e-005 0.05226578 0.9986332 14.6142 0 0 0 1</matrix>
                        <instance_node url="#ID497" />
                    </node>
                    <node id="ID524" name="instance_23">
                        <matrix>0.9998453 0.00270929 0.0173815 16.90452 -0.001796714 0.9986295 -0.05230511 16.69299 -0.01749939 0.05226578 0.9984799 -1.217446 0 0 0 1</matrix>
                        <instance_node url="#ID525" />
                    </node>
                    <node id="ID558" name="instance_24">
                        <matrix>0.9999963 0.00270929 -7.085014e-005 0.0001052815 -0.00270929 0.9986295 -0.05226578 16.74575 -7.085014e-005 0.05226578 0.9986332 -1.22954 0 0 0 1</matrix>
                        <instance_node url="#ID559" />
                    </node>
                    <node id="ID594" name="instance_25">
                        <matrix>1 0 0 0.6600954 0 1.006009 0 1.943747 0 0 1 11.46363 0 0 0 1</matrix>
                        <instance_node url="#ID595" />
                    </node>
                    <node id="ID644" name="instance_28">
                        <matrix>0.9988277 0.002748835 -0.04832893 12.97751 -0.005275257 0.9986214 -0.05222601 16.41657 0.04811874 0.05241974 0.9974652 4.456559 0 0 0 1</matrix>
                        <instance_node url="#ID645" />
                    </node>
                    <node id="ID670" name="instance_29">
                        <matrix>0.9999963 0.00270929 -7.085014e-005 1.627694 0.00270929 -0.9986295 0.05226578 1.352299 -7.085014e-005 0.05226578 0.9986332 14.6142 0 0 0 1</matrix>
                        <instance_node url="#ID671" />
                    </node>
                    <node id="ID698" name="instance_30">
                        <matrix>0.9998453 0.00270929 0.0173815 16.90455 0.001796714 -0.9986295 0.05230511 0.5712585 -0.01749939 0.05226578 0.9984799 -1.219466 0 0 0 1</matrix>
                        <instance_node url="#ID699" />
                    </node>
                    <node id="ID732" name="instance_31">
                        <matrix>0.9998021 0.00270929 0.01971025 1.443011 0.001674882 -0.9986295 0.05230915 0.6239512 -0.01982496 0.05226578 0.9984364 0.5877415 0 0 0 1</matrix>
                        <instance_node url="#ID733" />
                    </node>
                    <node id="ID744" name="instance_32">
                        <matrix>0.9999963 0.00270929 -7.085014e-005 2.431367e-005 0.00270929 -0.9986295 0.05226578 0.5185704 -7.085014e-005 0.05226578 0.9986332 -1.231268 0 0 0 1</matrix>
                        <instance_node url="#ID745" />
                    </node>
                    <node id="ID780" name="instance_33">
                        <matrix>0.9988277 0.002748835 -0.04832893 12.97743 0.005275257 -0.9986214 0.05222601 0.8477477 0.04811874 0.05241974 0.9974652 4.45483 0 0 0 1</matrix>
                        <instance_node url="#ID781" />
                    </node>
                    <node id="ID806" name="instance_34">
                        <matrix>0.9999963 0.00270929 -7.085014e-005 0.2209233 0.00270929 -0.9986295 0.05226578 0.7401746 -7.085014e-005 0.05226578 0.9986332 2.991418 0 0 0 1</matrix>
                        <instance_node url="#ID807" />
                    </node>
                    <node id="ID818" name="instance_35">
                        <matrix>0.99887 3.873127e-005 -0.04752543 16.53178 -3.977933e-005 1 -2.110686e-005 8.646663 0.04752543 2.297354e-005 0.99887 21.06975 0 0 0 1</matrix>
                        <instance_node url="#ID819" />
                    </node>
                    <node id="ID846" name="instance_37">
                        <matrix>0.9983523 0.03235812 -0.04738742 15.24907 0.03198537 -0.9994513 -0.008603449 4.595139 0.04763981 -0.007073569 0.9988395 21.12201 0 0 0 1</matrix>
                        <instance_node url="#ID847" />
                    </node>
                </node>
                <node id="ID888" name="group_4">
                    <matrix>1 0 0 -0.08514357 0 1 0 -36.95325 0 0 1 0.01818505 0 0 0 1</matrix>
                    <instance_geometry url="#ID1202">
                        <bind_material>
                            <technique_common>
                                <instance_material symbol="Material2" target="#ID374">
                                    <bind_vertex_input semantic="UVSET0" input_semantic="TEXCOORD" input_set="0" />
                                </instance_material>
                            </technique_common>
                        </bind_material>
                    </instance_geometry>
                    <instance_geometry url="#ID1208">
                        <bind_material>
                            <technique_common>
                                <instance_material symbol="Material2" target="#ID374">
                                    <bind_vertex_input semantic="UVSET0" input_semantic="TEXCOORD" input_set="0" />
                                </instance_material>
                            </technique_common>
                        </bind_material>
                    </instance_geometry>
                    <instance_geometry url="#ID1214">
                        <bind_material>
                            <technique_common>
                                <instance_material symbol="Material2" target="#ID374">
                                    <bind_vertex_input semantic="UVSET0" input_semantic="TEXCOORD" input_set="0" />
                                </instance_material>
                            </technique_common>
                        </bind_material>
                    </instance_geometry>
                    <instance_geometry url="#ID1220">
                        <bind_material>
                            <technique_common>
                                <instance_material symbol="Material2" target="#ID311">
                                    <bind_vertex_input semantic="UVSET0" input_semantic="TEXCOORD" input_set="0" />
                                </instance_material>
                            </technique_common>
                        </bind_material>
                    </instance_geometry>
                    <instance_geometry url="#ID1224">
                        <bind_material>
                            <technique_common>
                                <instance_material symbol="Material2" target="#ID311">
                                    <bind_vertex_input semantic="UVSET0" input_semantic="TEXCOORD" input_set="0" />
                                </instance_material>
                            </technique_common>
                        </bind_material>
                    </instance_geometry>
                    <instance_geometry url="#ID1228">
                        <bind_material>
                            <technique_common>
                                <instance_material symbol="Material2" target="#ID311">
                                    <bind_vertex_input semantic="UVSET0" input_semantic="TEXCOORD" input_set="0" />
                                </instance_material>
                            </technique_common>
                        </bind_material>
                    </instance_geometry>
                    <node id="ID889" name="group_5">
                        <matrix>0.99887 3.873127e-005 -0.04752543 16.53178 3.977933e-005 -1 2.110686e-005 8.792669 0.04752543 2.297354e-005 0.99887 35.59103 0 0 0 1</matrix>
                        <node id="ID890" name="instance_38">
                            <matrix>1 0 0 0 0 1 0 0 0 0 1 0 0 0 0 1</matrix>
                            <instance_node url="#ID5" />
                        </node>
                    </node>
                    <node id="ID891" name="instance_39">
                        <matrix>0.9998453 0.00270929 0.0173815 16.61532 -0.001796714 0.9986295 -0.05230511 17.56147 -0.01749939 0.05226578 0.9984799 0.05027322 0 0 0 1</matrix>
                        <instance_node url="#ID892" />
                    </node>
                    <node id="ID931" name="instance_40">
                        <matrix>1 0 0 0.05731347 0 -1 0 8.792871 -0 0 1 29.63446 0 0 0 1</matrix>
                        <instance_node url="#ID327" />
                    </node>
                    <node id="ID932" name="instance_41">
                        <matrix>1 0 0 0.05731347 0 1 0 8.821381 0 0 1 29.63446 0 0 0 1</matrix>
                        <instance_node url="#ID354" />
                    </node>
                    <node id="ID933" name="instance_42">
                        <matrix>0.9983523 -0.03235812 -0.04738742 15.24235 0.03198537 0.9994513 -0.008603449 12.76135 0.04763981 0.007073569 0.9988395 35.62852 0 0 0 1</matrix>
                        <instance_node url="#ID383" />
                    </node>
                    <node id="ID934" name="instance_43">
                        <matrix>0.9999963 0.00270929 -7.085014e-005 1.627694 -0.00270929 0.9986295 -0.05226578 16.08703 -7.085014e-005 0.05226578 0.9986332 29.13548 0 0 0 1</matrix>
                        <instance_node url="#ID497" />
                    </node>
                    <node id="ID935" name="instance_44">
                        <matrix>0.9988277 0.002748835 -0.04832893 12.97751 -0.005275257 0.9986214 -0.05222601 16.59149 0.04811874 0.05241974 0.9974652 18.97783 0 0 0 1</matrix>
                        <instance_node url="#ID936" />
                    </node>
                    <node id="ID969" name="instance_45">
                        <matrix>0.9999963 0.00270929 -7.085014e-005 1.627694 0.00270929 -0.9986295 0.05226578 1.527218 -7.085014e-005 0.05226578 0.9986332 29.13548 0 0 0 1</matrix>
                        <instance_node url="#ID671" />
                    </node>
                    <node id="ID970" name="instance_46">
                        <matrix>0.9988277 0.002748835 -0.04832893 12.97743 0.005275257 -0.9986214 0.05222601 1.022667 0.04811874 0.05241974 0.9974652 18.9761 0 0 0 1</matrix>
                        <instance_node url="#ID971" />
                    </node>
                    <node id="ID1004" name="instance_47">
                        <matrix>0.9997253 0.00270929 -0.02328154 0.5196423 0.003921691 -0.9986295 0.05218883 0.9152778 0.02310824 0.0522658 0.9983658 17.50072 0 0 0 1</matrix>
                        <instance_node url="#ID1005" />
                    </node>
                    <node id="ID1022" name="instance_48">
                        <matrix>0.9983523 0.03235812 -0.04738742 15.24907 0.03198537 -0.9994513 -0.008603449 4.770058 0.04763981 -0.007073569 0.9988395 35.64329 0 0 0 1</matrix>
                        <instance_node url="#ID847" />
                    </node>
                    <node id="ID1023" name="instance_49">
                        <matrix>1 0 0 0.00154952 0 1 0 13.19638 0 0 1 29.02917 0 0 0 1</matrix>
                        <instance_node url="#ID427" />
                    </node>
                    <node id="ID1024" name="instance_50">
                        <matrix>0.999588 0.00270929 -0.02857356 0.02279937 0.004197913 -0.9986295 0.05216733 -0.00111586 0.02839306 0.05226578 0.9982295 0.01717597 0 0 0 1</matrix>
                        <instance_node url="#ID1025" />
                    </node>
                    <node id="ID1058" name="instance_51">
                        <matrix>1 0 0 14.08305 0 1 0 2.306683 0 0 1 28.555 0 0 0 1</matrix>
                        <instance_node url="#ID1059" />
                    </node>
                    <node id="ID1062" name="instance_54">
                        <matrix>1 0 0 0.8389096 0 1 0 2.336649 0 0 1 29.77492 0 0 0 1</matrix>
                        <instance_node url="#ID1063" />
                    </node>
                    <node id="ID1066" name="instance_57">
                        <matrix>1 0 0 17.59704 0 1 0 2.778237 0 0 1 40.56352 0 0 0 1</matrix>
                        <instance_node url="#ID1067" />
                    </node>
                    <node id="ID1074" name="instance_60">
                        <matrix>1 0 0 16.82406 0 1 0 2.73857 0 0 1 36.90584 0 0 0 1</matrix>
                        <instance_node url="#ID1075" />
                    </node>
                    <node id="ID1078" name="instance_63">
                        <matrix>1 0 0 0.00154952 0 -1 0 4.417871 -0 0 1 29.02917 0 0 0 1</matrix>
                        <instance_node url="#ID277" />
                    </node>
                    <node id="ID1079" name="instance_64">
                        <matrix>1 0 0 0.3692957 0 1.11164 0 1.415896 0 0 1 12.73337 0 0 0 1</matrix>
                        <instance_node url="#ID1080" />
                    </node>
                    <node id="ID1083" name="instance_67">
                        <matrix>0.9998453 0.00270929 0.0173815 16.61532 0.001796714 -0.9986295 0.05230511 0.05268809 -0.01749939 0.05226578 0.9984799 0.05027322 0 0 0 1</matrix>
                        <instance_node url="#ID1084" />
                    </node>
                    <node id="ID1123" name="instance_68">
                        <matrix>0.9998021 0.00270929 0.01971025 1.153781 0.001674882 -0.9986295 0.05230915 0.1053808 -0.01982496 0.05226578 0.9984364 1.857481 0 0 0 1</matrix>
                        <instance_node url="#ID733" />
                    </node>
                    <node id="ID1124" name="instance_69">
                        <matrix>0.999588 0.00270929 -0.02857356 0.02279937 -0.004197913 0.9986295 -0.05216733 17.61528 0.02839306 0.05226578 0.9982295 0.01717597 0 0 0 1</matrix>
                        <instance_node url="#ID1125" />
                    </node>
                    <node id="ID1158" name="instance_70">
                        <matrix>0.9988277 0.002748835 -0.04832893 12.97743 -0.005275257 0.9986214 -0.05222601 16.59149 0.04811874 0.05241974 0.9974652 18.9761 0 0 0 1</matrix>
                        <instance_node url="#ID936" />
                    </node>
                    <node id="ID1159" name="instance_71">
                        <matrix>0.9997253 0.00270929 -0.02328154 0.5196423 -0.003921691 0.9986295 -0.05218883 16.69888 0.02310824 0.0522658 0.9983658 17.50072 0 0 0 1</matrix>
                        <instance_node url="#ID1160" />
                    </node>
                    <node id="ID1175" name="instance_72">
                        <matrix>0.9998021 0.00270929 0.01971025 1.153781 -0.001674882 0.9986295 -0.05230915 17.50878 -0.01982496 0.05226578 0.9984364 1.857481 0 0 0 1</matrix>
                        <instance_node url="#ID473" />
                    </node>
                    <node id="ID1176" name="instance_73">
                        <matrix>0.9988935 -0.0009313978 -0.04702061 16.53177 0.001156722 0.999988 0.004765042 8.79222 0.0470156 -0.00481416 0.9988826 35.59123 0 0 0 1</matrix>
                        <instance_node url="#ID1177" />
                    </node>
                </node>
                <node id="ID1232" name="instance_74">
                    <matrix>-0.7745818 3.92414 -0.03387436 4.132731 -3.887139 -0.7624813 0.555676 82.01334 0.5386805 0.1405227 3.96107 -0.1800473 0 0 0 1</matrix>
                    <instance_node url="#ID1233" />
                </node>
            </node>
        </visual_scene>
    </library_visual_scenes>
    <library_nodes>
        <node id="ID5" name="Middle_Back">
            <instance_geometry url="#ID6">
                <bind_material>
                    <technique_common>
                        <instance_material symbol="Material2" target="#ID7">
                            <bind_vertex_input semantic="UVSET0" input_semantic="TEXCOORD" input_set="0" />
                        </instance_material>
                        <instance_material symbol="Material3" target="#ID16">
                            <bind_vertex_input semantic="UVSET0" input_semantic="TEXCOORD" input_set="0" />
                        </instance_material>
                    </technique_common>
                </bind_material>
            </instance_geometry>
            <instance_geometry url="#ID24">
                <bind_material>
                    <technique_common>
                        <instance_material symbol="Material2" target="#ID7">
                            <bind_vertex_input semantic="UVSET0" input_semantic="TEXCOORD" input_set="0" />
                        </instance_material>
                        <instance_material symbol="Material3" target="#ID16">
                            <bind_vertex_input semantic="UVSET0" input_semantic="TEXCOORD" input_set="0" />
                        </instance_material>
                    </technique_common>
                </bind_material>
            </instance_geometry>
            <instance_geometry url="#ID32">
                <bind_material>
                    <technique_common>
                        <instance_material symbol="Material2" target="#ID7">
                            <bind_vertex_input semantic="UVSET0" input_semantic="TEXCOORD" input_set="0" />
                        </instance_material>
                        <instance_material symbol="Material3" target="#ID16">
                            <bind_vertex_input semantic="UVSET0" input_semantic="TEXCOORD" input_set="0" />
                        </instance_material>
                    </technique_common>
                </bind_material>
            </instance_geometry>
        </node>
        <node id="ID41" name="seat_brace_back">
            <node id="ID42" name="instance_2">
                <matrix>1 0 0 0.04874364 0 1 0 11.06509 0 0 1 0.4814272 0 0 0 1</matrix>
                <instance_node url="#ID43" />
            </node>
            <node id="ID68" name="instance_3">
                <matrix>1 0 0 0.04874364 0 -1 0 1.935794 -0 0 1 0.4814272 0 0 0 1</matrix>
                <instance_node url="#ID69" />
            </node>
        </node>
        <node id="ID43" name="Group_8">
            <instance_geometry url="#ID44">
                <bind_material>
                    <technique_common>
                        <instance_material symbol="Material2" target="#ID45">
                            <bind_vertex_input semantic="UVSET0" input_semantic="TEXCOORD" input_set="0" />
                        </instance_material>
                    </technique_common>
                </bind_material>
            </instance_geometry>
            <instance_geometry url="#ID52">
                <bind_material>
                    <technique_common>
                        <instance_material symbol="Material2" target="#ID45">
                            <bind_vertex_input semantic="UVSET0" input_semantic="TEXCOORD" input_set="0" />
                        </instance_material>
                    </technique_common>
                </bind_material>
            </instance_geometry>
            <instance_geometry url="#ID58">
                <bind_material>
                    <technique_common>
                        <instance_material symbol="Material2" target="#ID59">
                            <bind_vertex_input semantic="UVSET0" input_semantic="TEXCOORD" input_set="0" />
                        </instance_material>
                    </technique_common>
                </bind_material>
            </instance_geometry>
            <instance_geometry url="#ID64">
                <bind_material>
                    <technique_common>
                        <instance_material symbol="Material2" target="#ID59">
                            <bind_vertex_input semantic="UVSET0" input_semantic="TEXCOORD" input_set="0" />
                        </instance_material>
                    </technique_common>
                </bind_material>
            </instance_geometry>
        </node>
        <node id="ID69" name="Group_8">
            <instance_geometry url="#ID70">
                <bind_material>
                    <technique_common>
                        <instance_material symbol="Material2" target="#ID45">
                            <bind_vertex_input semantic="UVSET0" input_semantic="TEXCOORD" input_set="0" />
                        </instance_material>
                    </technique_common>
                </bind_material>
            </instance_geometry>
            <instance_geometry url="#ID76">
                <bind_material>
                    <technique_common>
                        <instance_material symbol="Material2" target="#ID45">
                            <bind_vertex_input semantic="UVSET0" input_semantic="TEXCOORD" input_set="0" />
                        </instance_material>
                    </technique_common>
                </bind_material>
            </instance_geometry>
            <instance_geometry url="#ID82">
                <bind_material>
                    <technique_common>
                        <instance_material symbol="Material2" target="#ID59">
                            <bind_vertex_input semantic="UVSET0" input_semantic="TEXCOORD" input_set="0" />
                        </instance_material>
                    </technique_common>
                </bind_material>
            </instance_geometry>
            <instance_geometry url="#ID86">
                <bind_material>
                    <technique_common>
                        <instance_material symbol="Material2" target="#ID59">
                            <bind_vertex_input semantic="UVSET0" input_semantic="TEXCOORD" input_set="0" />
                        </instance_material>
                    </technique_common>
                </bind_material>
            </instance_geometry>
        </node>
        <node id="ID91" name="seat_brace_front">
            <node id="ID92" name="instance_5">
                <matrix>1 0 0 0.03655315 0 1 0 11.00511 0 0 1 0.4761929 0 0 0 1</matrix>
                <instance_node url="#ID93" />
            </node>
            <node id="ID124" name="instance_6">
                <matrix>1 0 0 0.03655315 0 -1 0 1.935841 -0 0 1 0.4761929 0 0 0 1</matrix>
                <instance_node url="#ID125" />
            </node>
        </node>
        <node id="ID93" name="Group_16">
            <instance_geometry url="#ID94">
                <bind_material>
                    <technique_common>
                        <instance_material symbol="Material2" target="#ID45">
                            <bind_vertex_input semantic="UVSET0" input_semantic="TEXCOORD" input_set="0" />
                        </instance_material>
                        <instance_material symbol="Material3" target="#ID98">
                            <bind_vertex_input semantic="UVSET0" input_semantic="TEXCOORD" input_set="0" />
                        </instance_material>
                    </technique_common>
                </bind_material>
            </instance_geometry>
            <instance_geometry url="#ID102">
                <bind_material>
                    <technique_common>
                        <instance_material symbol="Material2" target="#ID45">
                            <bind_vertex_input semantic="UVSET0" input_semantic="TEXCOORD" input_set="0" />
                        </instance_material>
                    </technique_common>
                </bind_material>
            </instance_geometry>
            <instance_geometry url="#ID108">
                <bind_material>
                    <technique_common>
                        <instance_material symbol="Material2" target="#ID45">
                            <bind_vertex_input semantic="UVSET0" input_semantic="TEXCOORD" input_set="0" />
                        </instance_material>
                        <instance_material symbol="Material3" target="#ID98">
                            <bind_vertex_input semantic="UVSET0" input_semantic="TEXCOORD" input_set="0" />
                        </instance_material>
                    </technique_common>
                </bind_material>
            </instance_geometry>
            <instance_geometry url="#ID114">
                <bind_material>
                    <technique_common>
                        <instance_material symbol="Material2" target="#ID45">
                            <bind_vertex_input semantic="UVSET0" input_semantic="TEXCOORD" input_set="0" />
                        </instance_material>
                        <instance_material symbol="Material3" target="#ID98">
                            <bind_vertex_input semantic="UVSET0" input_semantic="TEXCOORD" input_set="0" />
                        </instance_material>
                    </technique_common>
                </bind_material>
            </instance_geometry>
            <instance_geometry url="#ID120">
                <bind_material>
                    <technique_common>
                        <instance_material symbol="Material2" target="#ID59">
                            <bind_vertex_input semantic="UVSET0" input_semantic="TEXCOORD" input_set="0" />
                        </instance_material>
                    </technique_common>
                </bind_material>
            </instance_geometry>
        </node>
        <node id="ID125" name="Group_16">
            <instance_geometry url="#ID126">
                <bind_material>
                    <technique_common>
                        <instance_material symbol="Material2" target="#ID45">
                            <bind_vertex_input semantic="UVSET0" input_semantic="TEXCOORD" input_set="0" />
                        </instance_material>
                        <instance_material symbol="Material3" target="#ID98">
                            <bind_vertex_input semantic="UVSET0" input_semantic="TEXCOORD" input_set="0" />
                        </instance_material>
                    </technique_common>
                </bind_material>
            </instance_geometry>
            <instance_geometry url="#ID132">
                <bind_material>
                    <technique_common>
                        <instance_material symbol="Material2" target="#ID45">
                            <bind_vertex_input semantic="UVSET0" input_semantic="TEXCOORD" input_set="0" />
                        </instance_material>
                    </technique_common>
                </bind_material>
            </instance_geometry>
            <instance_geometry url="#ID138">
                <bind_material>
                    <technique_common>
                        <instance_material symbol="Material2" target="#ID45">
                            <bind_vertex_input semantic="UVSET0" input_semantic="TEXCOORD" input_set="0" />
                        </instance_material>
                        <instance_material symbol="Material3" target="#ID98">
                            <bind_vertex_input semantic="UVSET0" input_semantic="TEXCOORD" input_set="0" />
                        </instance_material>
                    </technique_common>
                </bind_material>
            </instance_geometry>
            <instance_geometry url="#ID144">
                <bind_material>
                    <technique_common>
                        <instance_material symbol="Material2" target="#ID45">
                            <bind_vertex_input semantic="UVSET0" input_semantic="TEXCOORD" input_set="0" />
                        </instance_material>
                        <instance_material symbol="Material3" target="#ID98">
                            <bind_vertex_input semantic="UVSET0" input_semantic="TEXCOORD" input_set="0" />
                        </instance_material>
                    </technique_common>
                </bind_material>
            </instance_geometry>
            <instance_geometry url="#ID150">
                <bind_material>
                    <technique_common>
                        <instance_material symbol="Material2" target="#ID59">
                            <bind_vertex_input semantic="UVSET0" input_semantic="TEXCOORD" input_set="0" />
                        </instance_material>
                    </technique_common>
                </bind_material>
            </instance_geometry>
        </node>
        <node id="ID155" name="back_brace">
            <node id="ID156" name="instance_8">
                <matrix>0.99887 3.873127e-005 -0.04752543 0.01872837 -3.977933e-005 1 -2.110686e-005 11.88576 0.04752543 2.297354e-005 0.99887 0.1082046 0 0 0 1</matrix>
                <instance_node url="#ID157" />
            </node>
            <node id="ID182" name="instance_10">
                <matrix>0.99887 3.873127e-005 -0.04752543 0.01872837 3.977933e-005 -1 2.110686e-005 0.1742284 0.04752543 2.297354e-005 0.99887 0.1082046 0 0 0 1</matrix>
                <instance_node url="#ID183" />
            </node>
        </node>
        <node id="ID157" name="Group_15">
            <instance_geometry url="#ID176">
                <bind_material>
                    <technique_common>
                        <instance_material symbol="Material2" target="#ID177">
                            <bind_vertex_input semantic="UVSET0" input_semantic="TEXCOORD" input_set="0" />
                        </instance_material>
                    </technique_common>
                </bind_material>
            </instance_geometry>
            <node id="ID158" name="instance_9">
                <matrix>1 0 0 -0.05843569 0 1 0 -5.84986 0 0 1 -0.1920085 0 0 0 1</matrix>
                <instance_node url="#ID159" />
            </node>
        </node>
        <node id="ID159" name="back_stretcher_1">
            <instance_geometry url="#ID160">
                <bind_material>
                    <technique_common>
                        <instance_material symbol="Material2" target="#ID45">
                            <bind_vertex_input semantic="UVSET0" input_semantic="TEXCOORD" input_set="0" />
                        </instance_material>
                    </technique_common>
                </bind_material>
            </instance_geometry>
            <instance_geometry url="#ID166">
                <bind_material>
                    <technique_common>
                        <instance_material symbol="Material2" target="#ID98">
                            <bind_vertex_input semantic="UVSET0" input_semantic="TEXCOORD" input_set="0" />
                        </instance_material>
                    </technique_common>
                </bind_material>
            </instance_geometry>
            <instance_geometry url="#ID172">
                <bind_material>
                    <technique_common>
                        <instance_material symbol="Material2" target="#ID59">
                            <bind_vertex_input semantic="UVSET0" input_semantic="TEXCOORD" input_set="0" />
                        </instance_material>
                    </technique_common>
                </bind_material>
            </instance_geometry>
        </node>
        <node id="ID183" name="Group_15">
            <instance_geometry url="#ID202">
                <bind_material>
                    <technique_common>
                        <instance_material symbol="Material2" target="#ID177">
                            <bind_vertex_input semantic="UVSET0" input_semantic="TEXCOORD" input_set="0" />
                        </instance_material>
                    </technique_common>
                </bind_material>
            </instance_geometry>
            <node id="ID184" name="instance_9">
                <matrix>1 0 0 -0.05843569 0 1 0 -5.84986 0 0 1 -0.1920085 0 0 0 1</matrix>
                <instance_node url="#ID185" />
            </node>
        </node>
        <node id="ID185" name="back_stretcher_1">
            <instance_geometry url="#ID186">
                <bind_material>
                    <technique_common>
                        <instance_material symbol="Material2" target="#ID45">
                            <bind_vertex_input semantic="UVSET0" input_semantic="TEXCOORD" input_set="0" />
                        </instance_material>
                    </technique_common>
                </bind_material>
            </instance_geometry>
            <instance_geometry url="#ID192">
                <bind_material>
                    <technique_common>
                        <instance_material symbol="Material2" target="#ID98">
                            <bind_vertex_input semantic="UVSET0" input_semantic="TEXCOORD" input_set="0" />
                        </instance_material>
                    </technique_common>
                </bind_material>
            </instance_geometry>
            <instance_geometry url="#ID198">
                <bind_material>
                    <technique_common>
                        <instance_material symbol="Material2" target="#ID59">
                            <bind_vertex_input semantic="UVSET0" input_semantic="TEXCOORD" input_set="0" />
                        </instance_material>
                    </technique_common>
                </bind_material>
            </instance_geometry>
        </node>
        <node id="ID207" name="back_brace_2">
            <node id="ID208" name="instance_12">
                <matrix>0.99887 3.873127e-005 -0.04752543 0.06859566 -3.977933e-005 1 -2.110686e-005 11.92442 0.04752543 2.297354e-005 0.99887 0.1081954 0 0 0 1</matrix>
                <instance_node url="#ID209" />
            </node>
            <node id="ID242" name="instance_14">
                <matrix>0.99887 3.873127e-005 -0.04752543 0.06859566 3.977933e-005 -1 2.110686e-005 0.2126914 0.04752543 2.297354e-005 0.99887 0.1081954 0 0 0 1</matrix>
                <instance_node url="#ID243" />
            </node>
        </node>
        <node id="ID209" name="Group_14">
            <node id="ID210" name="instance_13">
